932.4188486907856
943.813986013986
968.4030775379696
1125.6725584182145
1367.0332667332668
3195.478195639128
5314.221124089048
22894.570219966157
40886.52098913152
932.4188486907856
943.813986013986
968.4030775379696
1125.6725584182145
1367.0332667332668
3195.478195639128
5314.221124089048
22894.570219966157
40886.52098913152
932.4188486907856
943.813986013986
968.4030775379696
1125.6725584182145
1367.0332667332668
3195.478195639128
5314.221124089048
22894.570219966157
40886.52098913152
932.4188486907856
943.813986013986
968.4030775379696
1125.6725584182145
1367.0332667332668
3195.478195639128
5314.221124089048
22894.570219966157
40886.52098913152
932.4188486907856
943.813986013986
968.4030775379696
1125.6725584182145
1367.0332667332668
3195.478195639128
5314.221124089048
22894.570219966157
40886.52098913152
