1.0
1.0
1.0
1.0
1.0
1.0
1.0
1.0
1.0
0.0
0.0
0.0
0.0
0.0
0.04
0.0
0.1
0.08
0.0010987913295375088
0.0020955992415926552
0.0014977533699450823
0.0030904196989333067
0.00428158916658369
0.012833168805528134
0.02629016553067186
0.08775770844736362
0.11504424778761062
0.0010987913295375088
0.0020955992415926552
0.0014977533699450823
0.0030904196989333067
0.00428158916658369
0.012833168805528134
0.02629016553067186
0.08775770844736362
0.11504424778761062
0.0
0.0
0.0
0.0
0.0
0.04
0.0
0.1
0.08
0.0
0.0
0.0
0.0
0.0
0.04
0.0
0.1
0.08
0.0
0.0
0.0
0.0
0.0
0.04
0.0
0.1
0.08
0.0010987913295375088
0.0020955992415926552
0.0014977533699450823
0.0030904196989333067
0.00428158916658369
0.012833168805528134
0.02629016553067186
0.08775770844736362
0.11504424778761062
0.0010987913295375088
0.0020955992415926552
0.0014977533699450823
0.0030904196989333067
0.00428158916658369
0.012833168805528134
0.02629016553067186
0.08775770844736362
0.11504424778761062
0.0
0.0
0.0
0.0
0.0
0.00019743336623889436
0.0
0.0004561211457763182
0.00035398230088495576
0.0
0.0
0.0
0.0
0.0
0.04
0.0
0.1
0.08
0.0
0.0
0.0
0.0
0.0
0.04285714285714286
0.014285714285714285
0.1
0.1
0.0
0.0
0.0
0.0
0.0
0.04285714285714286
0.014285714285714285
0.1
0.1
0.0
0.0
0.0
0.0
0.0
0.04225352112676056
0.014084507042253521
0.09859154929577464
0.09859154929577464
0.0
0.0
0.0
0.0
0.0
0.04225352112676056
0.014084507042253521
0.09859154929577464
0.09859154929577464
0.0010987913295375088
0.0020955992415926552
0.0014977533699450823
0.0030904196989333067
0.00428158916658369
0.012833168805528134
0.02629016553067186
0.08775770844736362
0.11504424778761062
0.0010987913295375088
0.0020955992415926552
0.0014977533699450823
0.0030904196989333067
0.00428158916658369
0.012833168805528134
0.02629016553067186
0.08775770844736362
0.11504424778761062
0.0010987913295375088
0.0020955992415926552
0.0014977533699450823
0.0030904196989333067
0.00428158916658369
0.012833168805528134
0.02629016553067186
0.08775770844736362
0.11504424778761062
0.0
0.0
0.0
0.0
0.0
0.00019743336623889436
0.0
0.0004561211457763182
0.00035398230088495576
0.0
0.0
0.0
0.0
0.0
0.0392156862745098
0.0
0.09803921568627451
0.0784313725490196
0.0
0.0
0.0
0.0
0.0
0.0392156862745098
0.0196078431372549
0.09803921568627451
0.0784313725490196
0.0010998900109989002
0.0020997900209979003
0.0014998500149985001
0.0030996900309969004
0.004299570042995701
0.012698730126987301
0.026197380261973803
0.08639136086391361
0.11598840115988401
